2.221361026320365
0.7772336429422668
-0.273563774059758
-0.6874814424673947
-2.221109020555011
-2.478301005599314
-2.5540613411601507
-0.8366764935542632
0.3584718137819618
-1.2212919979421621
1.5515859181629412
2.134376112604217
2.0204827626849924
2.050555059887665
1.3223350334085198
1.3881193932329996
-1.0893598223414784
0.4314199278850216
-1.2718777934873775
-1.9738048519051443
-1.962525935704061
-0.7747907416292138
-0.48055412481658877
1.2471108843550809
0.6471390699134371
2.0029023134308135
1.8048783739247434
2.122861981850948
0.8189413724252761
0.05965861084044721
0.4437269721307848
-1.399338544047044
-2.4791824358526764
-2.0548437700661415
-2.254239802350872
-1.4292237540636867
-1.5578236521525226
-0.27787267210597955
1.852924218624803
1.7028653222000836
1.975861869435171
1.738943101956778
2.0809342405895803
0.7623300749903532
-0.3505551035857878
-0.7873989257635522
-1.6630032868750702
-2.3411120050795327
-1.2479538604057483
-2.3296519375378404
-0.6606124006919586
0.8916508149414966
1.3774824282015037
2.137524920334298
2.2264238534236274
1.8881460892640753
0.35411138264951014
1.0827832979803331
-0.41930300046931335
-1.0989475983477037
-2.287723221374356
-2.418158421479441
-2.487007072947365
-1.0802851562251607
