7.61674605381949
4.992167877175662
5.802518142097366
-9.62483374941682
0.42802286347513174
-6.014064287590498
-1.5945494632894182
15.887009387968899
8.147968902520862
6.520839114856729
20.675423525996298
11.468014002704377
16.585419155162676
2.805841951161076
-0.18910792276370003
4.5521284498631776
13.212133237486265
12.920916508567394
23.198008640352015
21.77893595112812
7.974197697356363
24.70548843849462
15.541671198154248
14.845897173289035
28.093431314548972
10.98735103306302
18.60296600233773
12.127376303068923
20.482693390421126
33.5313251003089
17.446755527327703
35.177669364637325
37.65422418421287
32.76148634234456
13.854764007810875
21.027238682167738
35.765486920041084
30.76777848894629
13.916879391782535
31.480585143059088
34.714401201120644
35.90049378106371
38.13291705979092
36.537186707246846
29.130390983161973
35.021140774239264
37.923438571916
34.15078961507879
38.20109041125712
45.45505232980298
36.352702461925084
38.929573672426926
35.68716507108583
44.8783901638201
38.0954147862831
40.412781111602634
39.22811205067279
47.7947194778706
33.5962197181925
47.51584349673559
46.325762580329496
51.99916849113303
45.533461823099
45.01076931765499
